40
10464 22992 3579
35195 102114 48967
15043 11088 24659
406990 315456 58172
136859 17718 27533
18702 65937 40722
20211 1980 133715
7240 13098 27235
5576 10540 2830
54969 71298 17039
17336 2963 49852
576542 167060 26350
490741 95130 66753
16135 57599 56
40819 53756 7530
20673 3521 32206
25987 25601 54739
183677 399727 1530
13365 9706 50511
171682 325389 35170
41305 31924 38638
20447 137148 22171
58316 13227 15820
6667 26182 744
704424 501554 37055
37362 49828 49773
11628 39610 14827
11451 11774 33903
17691 2407 9543
219514 283332 14783
28797 8802 10938
7233 13358 41411
48754 11494 46156
25786 7270 36190
21803 18248 24029
7606 43681 9299
34505 100886 38418
73047 77143 11921
225870 761 1551
92526 103687 64181
